30000   6.03E-02    3.08E-03
31000   6.62E-02    3.18E-03
32000   8.04E-02    3.28E-03
33000   8.71E-02    3.39E-03
34000   9.40E-02    3.49E-03
35000   1.06E-01    3.59E-03
36000   1.18E-01    3.69E-03
37000   1.26E-01    3.80E-03
38000   1.43E-01    3.90E-03
39000   1.57E-01    4.00E-03
40000   1.71E-01    4.10E-03
41000   1.96E-01    4.21E-03
42000   2.38E-01    4.31E-03
43000   2.65E-01    4.41E-03
43500   3.06E-01    4.46E-03
44000   3.37E-01    4.51E-03
44500   3.86E-01    4.57E-03
45000   4.35E-01    4.62E-03
45500   5.20E-01    4.67E-03
46000   6.07E-01    4.72E-03
46500   7.25E-01    4.77E-03
46750   7.93E-01    4.80E-03
47000   8.92E-01    4.82E-03
47250   9.92E-01    4.85E-03
47500   1.11E+00    4.87E-03
47750   1.21E+00    4.90E-03
48000   1.36E+00    9.85E-03
48250   1.50E+00    9.90E-03
48500   1.63E+00    9.95E-03
48750   1.76E+00    1.00E-02
49000   1.90E+00    1.01E-02
49250   2.01E+00    1.01E-02
49500   2.11E+00    1.02E-02
49750   2.19E+00    1.02E-02
50000   2.26E+00    1.03E-02
50500   2.40E+00    1.04E-02
51000   2.49E+00    1.05E-02
51500   2.58E+00    1.06E-02
52000   2.64E+00    1.07E-02
53000   2.72E+00    1.09E-02
54000   2.78E+00    1.11E-02
55000   2.83E+00    1.13E-02
56000   2.87E+00    1.15E-02
57000   2.89E+00    1.17E-02
58000   2.92E+00    1.19E-02
59000   2.94E+00    1.21E-02
60000   2.96E+00    1.23E-02
61000   2.96E+00    1.25E-02
62000   2.96E+00    1.27E-02
63000   2.98E+00    1.29E-02
64000   2.99E+00    1.31E-02
65000   2.99E+00    1.33E-02
66000   3.00E+00    1.35E-02
67000   3.00E+00    1.37E-02
68000   3.01E+00    1.40E-02
69000   3.02E+00    1.42E-02
70000   3.01E+00    1.44E-02
