0.0000007   5.5664
0.0000008   10.1104
0.0000009   10.224
0.000001    10.224
0.0000011   10.1104
0.0000012   10.1104
0.0000013   9.9968
0.0000014   9.8832
0.0000015   9.8832
0.0000016   9.7696
0.0000017   9.656
0.0000018   9.5424
0.0000019   9.4288
0.000002    9.3152
0.0000021   9.088
0.0000022   8.9744
0.0000023   8.7472
0.0000024   8.6336
0.0000025   8.4064
0.0000026   8.2928
0.0000027   8.0656
0.0000028   7.952
0.0000029   7.7248
0.000003    7.4976
0.0000031   7.2704
0.0000032   7.0432
0.0000033   6.816
0.0000034   6.5888
0.0000035   6.3616
0.0000036   6.1344
0.0000037   5.9072
0.0000038   5.68
0.0000039   5.4528
0.000004    5.112
0.0000041   4.8848
0.0000042   4.6576
0.0000043   4.4304
0.0000044   4.0896
0.0000045   3.8624
0.0000046   3.6352
0.0000047   3.2944
0.0000048   3.0672
0.0000049   2.7264
0.000005    2.4992
0.0000051   2.1584
0.0000052   1.9312
0.0000053   1.5904
0.0000054   1.3632
0.0000055   1.0224
0.0000056   0.7952
0.0000057   0.4544
0.0000058   0.2272
0.0000059   0
0.000006    -0.3408
0.0000061   -0.568
0.0000062   -0.9088
0.0000063   -1.136
0.0000064   -1.3632
0.0000065   -1.704
0.0000066   -1.9312
0.0000067   -2.1584
0.0000068   -2.4992
0.0000069   -2.7264
0.000007    -2.9536
0.0000071   -3.1808
0.0000072   -3.5216
0.0000073   -3.7488
0.0000074   -3.976
0.0000075   -4.2032
0.0000076   -4.4304
0.0000077   -4.6576
0.0000078   -4.8848
0.0000079   -5.112
0.000008    -5.3392
0.0000081   -5.5664
0.0000082   -5.7936
0.0000083   -5.9072
0.0000084   -6.1344
0.0000085   -6.248
0.0000086   -6.4752
0.0000087   -6.7024
0.0000088   -6.816
0.0000089   -6.9296
0.000009    -7.1568
0.0000091   -7.2704
0.0000092   -7.384
0.0000093   -7.4976
0.0000094   -7.6112
0.0000095   -7.7248
0.0000096   -7.8384
0.0000097   -7.952
0.0000098   -8.0656
0.0000099   -8.0656
0.00001 -8.1792
0.0000101   -8.2928
0.0000102   -8.2928
0.0000103   -8.2928
0.0000104   -8.4064
0.0000105   -8.52
0.0000106   -8.4064
0.0000107   -8.4064
0.0000108   -8.52
0.0000109   -8.4064
0.000011    -8.52
0.0000111   -8.52
0.0000112   -8.4064
0.0000113   -8.4064
0.0000114   -8.4064
0.0000115   -8.2928
0.0000116   -8.2928
0.0000117   -8.1792
0.0000118   -8.1792
0.0000119   -8.0656
0.000012    -8.0656
0.0000121   -7.952
0.0000122   -7.8384
0.0000123   -7.7248
0.0000124   -7.6112
0.0000125   -7.4976
0.0000126   -7.384
0.0000127   -7.2704
0.0000128   -7.1568
0.0000129   -7.0432
0.000013    -6.816
0.0000131   -6.7024
0.0000132   -6.5888
0.0000133   -6.4752
0.0000134   -6.248
0.0000135   -6.0208
0.0000136   -5.9072
0.0000137   -5.68
0.0000138   -5.5664
0.0000139   -5.3392
0.000014    -5.112
0.0000141   -4.8848
0.0000142   -4.6576
0.0000143   -4.544
0.0000144   -4.3168
0.0000145   -4.0896
0.0000146   -3.8624
0.0000147   -3.6352
0.0000148   -3.408
0.0000149   -3.1808
0.000015    -2.9536
0.0000151   -2.7264
0.0000152   -2.6128
0.0000153   -2.272
0.0000154   -2.1584
0.0000155   -1.8176
0.0000156   -1.5904
0.0000157   -1.3632
0.0000158   -1.2496
0.0000159   -0.9088
0.000016    -0.6816
0.0000161   -0.4544
0.0000162   -0.2272
0.0000163   0
0.0000164   0.2272
0.0000165   0.4544
0.0000166   0.6816
0.0000167   0.9088
0.0000168   1.136
0.0000169   1.3632
0.000017    1.5904
0.0000171   1.8176
0.0000172   2.0448
0.0000173   2.272
0.0000174   2.4992
0.0000175   2.7264
0.0000176   2.9536
0.0000177   3.0672
0.0000178   3.2944
0.0000179   3.5216
0.000018    3.6352
0.0000181   3.8624
0.0000182   3.976
0.0000183   4.2032
0.0000184   4.4304
0.0000185   4.544
0.0000186   4.7712
0.0000187   4.8848
0.0000188   5.112
0.0000189   5.2256
0.000019    5.3392
0.0000191   5.5664
0.0000192   5.68
0.0000193   5.7936
0.0000194   5.9072
0.0000195   6.0208
0.0000196   6.1344
0.0000197   6.248
0.0000198   6.3616
0.0000199   6.4752
0.00002 6.4752
0.0000201   6.5888
0.0000202   6.7024
0.0000203   6.7024
0.0000204   6.816
0.0000205   6.816
0.0000206   6.9296
0.0000207   6.9296
0.0000208   7.0432
0.0000209   7.0432
0.000021    7.0432
0.0000211   7.0432
0.0000212   7.0432
0.0000213   7.1568
0.0000214   7.0432
0.0000215   7.0432
0.0000216   7.0432
0.0000217   7.0432
0.0000218   7.0432
0.0000219   6.9296
0.000022    6.9296
0.0000221   6.9296
0.0000222   6.816
0.0000223   6.7024
0.0000224   6.7024
0.0000225   6.5888
0.0000226   6.5888
0.0000227   6.4752
0.0000228   6.3616
0.0000229   6.248
0.000023    6.1344
0.0000231   6.1344
0.0000232   5.9072
0.0000233   5.7936
0.0000234   5.7936
0.0000235   5.68
0.0000236   5.4528
0.0000237   5.3392
0.0000238   5.2256
0.0000239   5.112
0.000024    4.9984
0.0000241   4.8848
0.0000242   4.544
0.0000243   4.544
0.0000244   4.3168
0.0000245   4.0896
0.0000246   3.976
0.0000247   3.7488
0.0000248   3.6352
0.0000249   3.5216
0.000025    3.2944
0.0000251   3.0672
0.0000252   2.9536
0.0000253   2.7264
0.0000254   2.4992
0.0000255   2.3856
0.0000256   2.1584
0.0000257   1.9312
0.0000258   1.8176
0.0000259   1.5904
0.000026    1.3632
0.0000261   1.2496
0.0000262   0.9088
0.0000263   0.7952
0.0000264   0.568
0.0000265   0.4544
0.0000266   0.2272
0.0000267   0
0.0000268   -0.1136
0.0000269   -0.3408
0.000027    -0.568
0.0000271   -0.6816
0.0000272   -0.9088
0.0000273   -1.0224
0.0000274   -1.2496
0.0000275   -1.4768
0.0000276   -1.704
0.0000277   -1.8176
0.0000278   -1.9312
0.0000279   -2.1584
0.000028    -2.3856
0.0000281   -2.4992
0.0000282   -2.7264
0.0000283   -2.84
0.0000284   -3.0672
0.0000285   -3.1808
0.0000286   -3.2944
0.0000287   -3.5216
0.0000288   -3.6352
0.0000289   -3.7488
0.000029    -3.8624
0.0000291   -4.0896
0.0000292   -4.0896
0.0000293   -4.3168
0.0000294   -4.4304
0.0000295   -4.544
0.0000296   -4.6576
0.0000297   -4.7712
0.0000298   -4.8848
0.0000299   -4.9984
0.00003 -5.112
0.0000301   -5.112
0.0000302   -5.2256
0.0000303   -5.3392
0.0000304   -5.3392
0.0000305   -5.4528
0.0000306   -5.5664
0.0000307   -5.5664
0.0000308   -5.68
0.0000309   -5.68
0.000031    -5.68
0.0000311   -5.7936
0.0000312   -5.7936
0.0000313   -5.7936
0.0000314   -5.7936
0.0000315   -5.9072
0.0000316   -5.7936
0.0000317   -5.7936
0.0000318   -5.7936
0.0000319   -5.9072
0.000032    -5.7936
0.0000321   -5.7936
0.0000322   -5.7936
0.0000323   -5.7936
0.0000324   -5.68
0.0000325   -5.68
0.0000326   -5.68
0.0000327   -5.5664
0.0000328   -5.5664
0.0000329   -5.4528
0.000033    -5.4528
0.0000331   -5.3392
0.0000332   -5.3392
0.0000333   -5.2256
0.0000334   -5.112
0.0000335   -4.9984
0.0000336   -4.8848
0.0000337   -4.8848
0.0000338   -4.7712
0.0000339   -4.6576
0.000034    -4.544
0.0000341   -4.4304
0.0000342   -4.3168
0.0000343   -4.2032
0.0000344   -4.0896
0.0000345   -3.976
0.0000346   -3.8624
0.0000347   -3.6352
0.0000348   -3.5216
0.0000349   -3.408
0.000035    -3.2944
0.0000351   -3.0672
0.0000352   -2.9536
0.0000353   -2.84
0.0000354   -2.7264
0.0000355   -2.4992
0.0000356   -2.3856
0.0000357   -2.272
0.0000358   -2.0448
0.0000359   -1.9312
0.000036    -1.704
0.0000361   -1.5904
0.0000362   -1.4768
0.0000363   -1.2496
0.0000364   -1.136
0.0000365   -0.9088
0.0000366   -0.7952
0.0000367   -0.6816
0.0000368   -0.4544
0.0000369   -0.3408
0.000037    -0.1136
0.0000371   0
0.0000372   0.2272
0.0000373   0.3408
0.0000374   0.4544
0.0000375   0.6816
0.0000376   0.7952
0.0000377   0.9088
0.0000378   1.136
0.0000379   1.2496
0.000038    1.4768
0.0000381   1.5904
0.0000382   1.704
0.0000383   1.8176
0.0000384   2.0448
0.0000385   2.1584
0.0000386   2.272
0.0000387   2.3856
0.0000388   2.4992
0.0000389   2.7264
0.000039    2.84
0.0000391   2.9536
0.0000392   3.0672
0.0000393   3.1808
0.0000394   3.2944
0.0000395   3.408
0.0000396   3.5216
0.0000397   3.6352
0.0000398   3.7488
0.0000399   3.7488
0.00004 3.8624
0.0000401   3.976
0.0000402   4.0896
0.0000403   4.2032
0.0000404   4.3168
0.0000405   4.3168
0.0000406   4.4304
0.0000407   4.4304
0.0000408   4.544
0.0000409   4.544
0.000041    4.544
0.0000411   4.6576
0.0000412   4.6576
0.0000413   4.7712
0.0000414   4.7712
0.0000415   4.7712
0.0000416   4.8848
0.0000417   4.8848
0.0000418   4.8848
0.0000419   4.8848
0.000042    4.8848
0.0000421   4.8848
0.0000422   4.8848
0.0000423   4.8848
0.0000424   4.8848
0.0000425   4.8848
0.0000426   4.7712
0.0000427   4.7712
0.0000428   4.7712
0.0000429   4.7712
0.000043    4.6576
0.0000431   4.6576
0.0000432   4.6576
0.0000433   4.544
0.0000434   4.544
0.0000435   4.4304
0.0000436   4.4304
0.0000437   4.3168
0.0000438   4.3168
0.0000439   4.2032
0.000044    4.0896
0.0000441   4.0896
0.0000442   3.976
0.0000443   3.8624
0.0000444   3.8624
0.0000445   3.6352
0.0000446   3.6352
0.0000447   3.5216
0.0000448   3.408
0.0000449   3.2944
0.000045    3.1808
0.0000451   3.0672
0.0000452   2.9536
0.0000453   2.84
0.0000454   2.7264
0.0000455   2.6128
0.0000456   2.4992
0.0000457   2.3856
0.0000458   2.272
0.0000459   2.1584
0.000046    1.9312
0.0000461   1.8176
0.0000462   1.704
0.0000463   1.5904
0.0000464   1.4768
0.0000465   1.3632
0.0000466   1.2496
0.0000467   1.0224
0.0000468   0.9088
0.0000469   0.7952
0.000047    0.568
0.0000471   0.568
0.0000472   0.4544
0.0000473   0.2272
0.0000474   0.1136
0.0000475   0
0.0000476   -0.1136
0.0000477   -0.3408
0.0000478   -0.4544
0.0000479   -0.568
0.000048    -0.6816
0.0000481   -0.7952
0.0000482   -0.9088
0.0000483   -1.0224
0.0000484   -1.2496
0.0000485   -1.3632
0.0000486   -1.4768
0.0000487   -1.4768
0.0000488   -1.704
0.0000489   -1.704
0.000049    -1.9312
0.0000491   -2.0448
0.0000492   -2.1584
0.0000493   -2.1584
0.0000494   -2.3856
0.0000495   -2.3856
0.0000496   -2.4992
0.0000497   -2.6128
0.0000498   -2.7264
0.0000499   -2.84
0.00005 -2.9536
0.0000501   -2.9536
0.0000502   -3.0672
0.0000503   -3.1808
0.0000504   -3.2944
0.0000505   -3.2944
0.0000506   -3.408
0.0000507   -3.408
0.0000508   -3.5216
0.0000509   -3.6352
0.000051    -3.6352
0.0000511   -3.7488
0.0000512   -3.7488
0.0000513   -3.8624
0.0000514   -3.8624
0.0000515   -3.8624
0.0000516   -3.8624
0.0000517   -3.976
0.0000518   -3.976
0.0000519   -3.976
0.000052    -3.976
0.0000521   -3.976
0.0000522   -4.0896
0.0000523   -3.976
0.0000524   -4.0896
0.0000525   -4.0896
0.0000526   -4.0896
0.0000527   -4.0896
0.0000528   -4.0896
0.0000529   -4.0896
0.000053    -3.976
0.0000531   -3.976
0.0000532   -3.976
0.0000533   -3.8624
0.0000534   -3.8624
0.0000535   -3.8624
0.0000536   -3.7488
0.0000537   -3.7488
0.0000538   -3.7488
0.0000539   -3.6352
0.000054    -3.6352
0.0000541   -3.5216
0.0000542   -3.5216
0.0000543   -3.408
0.0000544   -3.408
0.0000545   -3.2944
0.0000546   -3.1808
0.0000547   -3.1808
0.0000548   -3.0672
0.0000549   -2.9536
0.000055    -2.9536
0.0000551   -2.84
0.0000552   -2.84
0.0000553   -2.6128
0.0000554   -2.4992
0.0000555   -2.4992
0.0000556   -2.3856
0.0000557   -2.272
0.0000558   -2.1584
0.0000559   -2.1584
0.000056    -2.0448
0.0000561   -1.9312
0.0000562   -1.704
0.0000563   -1.704
0.0000564   -1.5904
0.0000565   -1.4768
0.0000566   -1.3632
0.0000567   -1.2496
0.0000568   -1.136
0.0000569   -1.0224
0.000057    -0.9088
0.0000571   -0.7952
0.0000572   -0.6816
0.0000573   -0.568
0.0000574   -0.568
0.0000575   -0.3408
0.0000576   -0.2272
0.0000577   -0.1136
0.0000578   0
0.0000579   0.1136
0.000058    0.2272
0.0000581   0.3408
0.0000582   0.4544
0.0000583   0.568
0.0000584   0.6816
0.0000585   0.6816
0.0000586   0.7952
0.0000587   0.9088
0.0000588   1.0224
0.0000589   1.136
0.000059    1.2496
0.0000591   1.3632
0.0000592   1.4768
0.0000593   1.5904
0.0000594   1.704
0.0000595   1.704
0.0000596   1.8176
0.0000597   1.9312
0.0000598   2.0448
0.0000599   2.1584
0.00006 2.1584
0.0000601   2.272
0.0000602   2.3856
0.0000603   2.3856
0.0000604   2.4992
0.0000605   2.4992
0.0000606   2.6128
0.0000607   2.7264
0.0000608   2.7264
0.0000609   2.84
0.000061    2.9536
0.0000611   2.9536
0.0000612   2.9536
0.0000613   3.0672
0.0000614   3.0672
0.0000615   3.1808
0.0000616   3.1808
0.0000617   3.1808
0.0000618   3.1808
0.0000619   3.2944
0.000062    3.2944
0.0000621   3.2944
0.0000622   3.2944
0.0000623   3.408
0.0000624   3.2944
0.0000625   3.408
0.0000626   3.408
0.0000627   3.408
0.0000628   3.408
0.0000629   3.408
0.000063    3.408
0.0000631   3.408
0.0000632   3.408
0.0000633   3.408
0.0000634   3.2944
0.0000635   3.2944
0.0000636   3.2944
0.0000637   3.2944
0.0000638   3.2944
0.0000639   3.2944
0.000064    3.1808
0.0000641   3.1808
0.0000642   3.1808
0.0000643   3.0672
0.0000644   3.0672
0.0000645   2.9536
0.0000646   2.9536
0.0000647   2.84
0.0000648   2.84
0.0000649   2.7264
0.000065    2.7264
0.0000651   2.6128
0.0000652   2.6128
0.0000653   2.4992
0.0000654   2.3856
0.0000655   2.3856
0.0000656   2.272
0.0000657   2.272
0.0000658   2.1584
0.0000659   2.0448
0.000066    2.0448
0.0000661   1.9312
0.0000662   1.8176
0.0000663   1.704
0.0000664   1.704
0.0000665   1.5904
0.0000666   1.4768
0.0000667   1.4768
0.0000668   1.3632
0.0000669   1.2496
0.000067    1.136
0.0000671   1.0224
0.0000672   0.9088
0.0000673   0.7952
0.0000674   0.7952
0.0000675   0.6816
0.0000676   0.568
0.0000677   0.4544
0.0000678   0.4544
0.0000679   0.3408
0.000068    0.2272
0.0000681   0.1136
0.0000682   0
0.0000683   -0.1136
0.0000684   -0.1136
0.0000685   -0.2272
0.0000686   -0.3408
0.0000687   -0.4544
0.0000688   -0.568
0.0000689   -0.6816
0.000069    -0.6816
0.0000691   -0.7952
0.0000692   -0.9088
0.0000693   -1.0224
0.0000694   -1.0224
0.0000695   -1.136
0.0000696   -1.2496
0.0000697   -1.2496
0.0000698   -1.3632
0.0000699   -1.4768
0.00007 -1.4768
0.0000701   -1.5904
0.0000702   -1.704
0.0000703   -1.704
0.0000704   -1.8176
0.0000705   -1.8176
0.0000706   -1.9312
0.0000707   -2.0448
0.0000708   -2.0448
0.0000709   -2.1584
0.000071    -2.1584
0.0000711   -2.272
0.0000712   -2.272
0.0000713   -2.3856
0.0000714   -2.3856
0.0000715   -2.3856
0.0000716   -2.4992
0.0000717   -2.4992
0.0000718   -2.6128
0.0000719   -2.6128
0.000072    -2.6128
0.0000721   -2.6128
0.0000722   -2.6128
0.0000723   -2.7264
0.0000724   -2.7264
0.0000725   -2.7264
0.0000726   -2.7264
0.0000727   -2.7264
0.0000728   -2.7264
0.0000729   -2.7264
0.000073    -2.7264
0.0000731   -2.7264
0.0000732   -2.84
0.0000733   -2.84
0.0000734   -2.7264
0.0000735   -2.7264
0.0000736   -2.7264
0.0000737   -2.7264
0.0000738   -2.7264
0.0000739   -2.7264
0.000074    -2.7264
0.0000741   -2.6128
0.0000742   -2.6128
0.0000743   -2.6128
0.0000744   -2.6128
0.0000745   -2.4992
0.0000746   -2.4992
0.0000747   -2.4992
0.0000748   -2.4992
0.0000749   -2.3856
0.000075    -2.3856
0.0000751   -2.272
0.0000752   -2.272
0.0000753   -2.272
0.0000754   -2.1584
0.0000755   -2.1584
0.0000756   -2.0448
0.0000757   -2.0448
0.0000758   -2.0448
0.0000759   -1.9312
0.000076    -1.8176
0.0000761   -1.8176
0.0000762   -1.704
0.0000763   -1.704
0.0000764   -1.5904
0.0000765   -1.5904
0.0000766   -1.3632
0.0000767   -1.3632
0.0000768   -1.3632
0.0000769   -1.2496
0.000077    -1.136
0.0000771   -1.136
0.0000772   -1.0224
0.0000773   -0.9088
0.0000774   -0.9088
0.0000775   -0.7952
0.0000776   -0.6816
0.0000777   -0.6816
0.0000778   -0.568
0.0000779   -0.4544
0.000078    -0.4544
0.0000781   -0.3408
0.0000782   -0.2272
0.0000783   -0.1136
0.0000784   -0.1136
0.0000785   0
0.0000786   0.1136
0.0000787   0.1136
0.0000788   0.2272
0.0000789   0.3408
0.000079    0.3408
0.0000791   0.4544
0.0000792   0.568
0.0000793   0.568
0.0000794   0.6816
0.0000795   0.6816
0.0000796   0.7952
0.0000797   0.9088
0.0000798   0.9088
0.0000799   1.0224
0.00008 1.136
0.0000801   1.136
0.0000802   1.2496
0.0000803   1.2496
0.0000804   1.3632
0.0000805   1.3632
0.0000806   1.4768
0.0000807   1.5904
0.0000808   1.5904
0.0000809   1.704
0.000081    1.5904
0.0000811   1.704
0.0000812   1.8176
0.0000813   1.8176
0.0000814   1.8176
0.0000815   1.9312
0.0000816   1.9312
0.0000817   2.0448
0.0000818   2.0448
0.0000819   2.0448
0.000082    2.1584
0.0000821   2.1584
0.0000822   2.1584
0.0000823   2.1584
0.0000824   2.1584
0.0000825   2.272
0.0000826   2.272
0.0000827   2.272
0.0000828   2.272
0.0000829   2.272
0.000083    2.272
0.0000831   2.272
0.0000832   2.272
0.0000833   2.3856
0.0000834   2.3856
0.0000835   2.3856
0.0000836   2.3856
0.0000837   2.3856
0.0000838   2.3856
0.0000839   2.272
0.000084    2.272
0.0000841   2.272
0.0000842   2.272
0.0000843   2.272
0.0000844   2.272
0.0000845   2.272
0.0000846   2.272
0.0000847   2.1584
0.0000848   2.1584
0.0000849   2.1584
0.000085    2.1584
0.0000851   2.1584
0.0000852   2.0448
0.0000853   2.0448
0.0000854   2.0448
0.0000855   1.9312
0.0000856   1.9312
0.0000857   1.9312
0.0000858   1.8176
0.0000859   1.8176
0.000086    1.704
0.0000861   1.704
0.0000862   1.704
0.0000863   1.5904
0.0000864   1.5904
0.0000865   1.4768
0.0000866   1.4768
0.0000867   1.3632
0.0000868   1.3632
0.0000869   1.2496
0.000087    1.2496
0.0000871   1.136
0.0000872   1.136
0.0000873   1.0224
0.0000874   0.9088
0.0000875   0.9088
0.0000876   0.9088
0.0000877   0.7952
0.0000878   0.6816
0.0000879   0.6816
0.000088    0.568
0.0000881   0.568
0.0000882   0.4544
0.0000883   0.3408
0.0000884   0.3408
0.0000885   0.3408
0.0000886   0.2272
0.0000887   0.1136
0.0000888   0.1136
0.0000889   0.1136
0.000089    0
0.0000891   -0.1136
0.0000892   -0.2272
0.0000893   -0.2272
0.0000894   -0.2272
0.0000895   -0.3408
0.0000896   -0.3408
0.0000897   -0.4544
0.0000898   -0.4544
0.0000899   -0.568
0.00009 -0.6816
0.0000901   -0.6816
0.0000902   -0.7952
0.0000903   -0.7952
0.0000904   -0.9088
0.0000905   -1.0224
0.0000906   -0.9088
0.0000907   -1.0224
0.0000908   -1.136
0.0000909   -1.136
0.000091    -1.2496
0.0000911   -1.2496
0.0000912   -1.2496
0.0000913   -1.3632
0.0000914   -1.3632
0.0000915   -1.3632
0.0000916   -1.4768
0.0000917   -1.4768
0.0000918   -1.4768
0.0000919   -1.4768
0.000092    -1.5904
0.0000921   -1.704
0.0000922   -1.704
0.0000923   -1.704
0.0000924   -1.704
0.0000925   -1.704
0.0000926   -1.8176
0.0000927   -1.8176
0.0000928   -1.8176
0.0000929   -1.8176
0.000093    -1.8176
0.0000931   -1.9312
0.0000932   -1.8176
0.0000933   -1.9312
0.0000934   -1.9312
0.0000935   -1.9312
0.0000936   -1.9312
0.0000937   -1.9312
0.0000938   -1.9312
0.0000939   -1.9312
0.000094    -1.9312
0.0000941   -1.9312
0.0000942   -1.9312
0.0000943   -1.9312
0.0000944   -1.9312
0.0000945   -1.8176
0.0000946   -1.8176
0.0000947   -1.8176
0.0000948   -1.8176
0.0000949   -1.8176
0.000095    -1.8176
0.0000951   -1.8176
0.0000952   -1.8176
0.0000953   -1.704
0.0000954   -1.704
0.0000955   -1.704
0.0000956   -1.5904
0.0000957   -1.5904
0.0000958   -1.5904
0.0000959   -1.5904
0.000096    -1.4768
0.0000961   -1.4768
0.0000962   -1.4768
0.0000963   -1.4768
0.0000964   -1.3632
0.0000965   -1.3632
0.0000966   -1.2496
0.0000967   -1.2496
0.0000968   -1.2496
0.0000969   -1.136
0.000097    -1.136
0.0000971   -1.136
0.0000972   -1.136
0.0000973   -1.0224
0.0000974   -1.0224
0.0000975   -0.9088
0.0000976   -0.9088
0.0000977   -0.7952
0.0000978   -0.7952
0.0000979   -0.6816
0.000098    -0.6816
0.0000981   -0.568
0.0000982   -0.568
0.0000983   -0.4544
0.0000984   -0.4544
0.0000985   -0.3408
0.0000986   -0.3408
0.0000987   -0.3408
0.0000988   -0.2272
0.0000989   -0.1136
0.000099    -0.1136
0.0000991   0
0.0000992   0
0.0000993   0.1136
0.0000994   0.1136
0.0000995   0.2272
0.0000996   0.2272
0.0000997   0.3408
0.0000998   0.3408
0.0000999   0.3408
0.0001  0.4544
0.0001001   0.4544
0.0001002   0.4544
0.0001003   0.568
0.0001004   0.568
0.0001005   0.6816
0.0001006   0.6816
0.0001007   0.6816
0.0001008   0.7952
0.0001009   0.7952
0.000101    0.9088
0.0001011   0.9088
0.0001012   0.9088
0.0001013   1.0224
0.0001014   1.0224
0.0001015   1.0224
0.0001016   1.136
0.0001017   1.136
0.0001018   1.2496
0.0001019   1.2496
0.000102    1.2496
0.0001021   1.3632
0.0001022   1.3632
0.0001023   1.3632
0.0001024   1.3632
0.0001025   1.3632
0.0001026   1.4768
0.0001027   1.4768
0.0001028   1.4768
0.0001029   1.4768
0.000103    1.4768
0.0001031   1.5904
0.0001032   1.5904
0.0001033   1.5904
0.0001034   1.5904
0.0001035   1.5904
0.0001036   1.5904
0.0001037   1.5904
0.0001038   1.704
0.0001039   1.704
0.000104    1.5904
0.0001041   1.5904
0.0001042   1.5904
0.0001043   1.704
0.0001044   1.704
0.0001045   1.704
0.0001046   1.5904
0.0001047   1.5904
0.0001048   1.5904
0.0001049   1.704
0.000105    1.5904
0.0001051   1.5904
0.0001052   1.5904
0.0001053   1.5904
0.0001054   1.4768
0.0001055   1.5904
0.0001056   1.4768
0.0001057   1.4768
0.0001058   1.4768
0.0001059   1.3632
0.000106    1.4768
0.0001061   1.3632
0.0001062   1.3632
0.0001063   1.3632
0.0001064   1.2496
0.0001065   1.2496
0.0001066   1.2496
0.0001067   1.2496
0.0001068   1.136
0.0001069   1.136
0.000107    1.136
0.0001071   1.0224
0.0001072   1.0224
0.0001073   1.0224
0.0001074   0.9088
0.0001075   0.9088
0.0001076   0.9088
0.0001077   0.7952
0.0001078   0.7952
0.0001079   0.7952
0.000108    0.6816
0.0001081   0.6816
0.0001082   0.568
0.0001083   0.568
0.0001084   0.568
0.0001085   0.4544
0.0001086   0.4544
0.0001087   0.4544
0.0001088   0.3408
0.0001089   0.3408
0.000109    0.2272
0.0001091   0.2272
0.0001092   0.2272
0.0001093   0.1136
0.0001094   0.1136
0.0001095   0
0.0001096   0
0.0001097   0
0.0001098   0
0.0001099   -0.1136
0.00011 -0.1136
0.0001101   -0.1136
0.0001102   -0.2272
0.0001103   -0.3408
0.0001104   -0.3408
0.0001105   -0.3408
0.0001106   -0.4544
0.0001107   -0.4544
0.0001108   -0.4544
0.0001109   -0.568
0.000111    -0.568
0.0001111   -0.568
0.0001112   -0.6816
0.0001113   -0.6816
0.0001114   -0.6816
0.0001115   -0.7952
0.0001116   -0.7952
0.0001117   -0.7952
0.0001118   -0.9088
0.0001119   -0.9088
0.000112    -0.9088
0.0001121   -1.0224
0.0001122   -1.0224
0.0001123   -1.0224
0.0001124   -1.0224
0.0001125   -1.0224
0.0001126   -1.136
0.0001127   -1.136
0.0001128   -1.136
0.0001129   -1.136
0.000113    -1.136
0.0001131   -1.2496
0.0001132   -1.136
0.0001133   -1.2496
0.0001134   -1.2496
0.0001135   -1.2496
0.0001136   -1.2496
0.0001137   -1.2496
0.0001138   -1.2496
0.0001139   -1.2496
0.000114    -1.3632
0.0001141   -1.3632
0.0001142   -1.2496
0.0001143   -1.2496
0.0001144   -1.2496
0.0001145   -1.3632
0.0001146   -1.3632
0.0001147   -1.3632
0.0001148   -1.3632
0.0001149   -1.2496
0.000115    -1.2496
0.0001151   -1.3632
0.0001152   -1.2496
0.0001153   -1.2496
0.0001154   -1.2496
0.0001155   -1.2496
0.0001156   -1.2496
0.0001157   -1.2496
0.0001158   -1.2496
0.0001159   -1.2496
0.000116    -1.2496
0.0001161   -1.136
0.0001162   -1.136
0.0001163   -1.136
0.0001164   -1.136
0.0001165   -1.136
0.0001166   -1.136
0.0001167   -1.0224
0.0001168   -1.136
0.0001169   -1.0224
0.000117    -1.0224
0.0001171   -1.0224
0.0001172   -0.9088
0.0001173   -0.9088
0.0001174   -0.9088
0.0001175   -0.7952
0.0001176   -0.7952
0.0001177   -0.7952
0.0001178   -0.7952
0.0001179   -0.6816
0.000118    -0.6816
0.0001181   -0.6816
0.0001182   -0.568
0.0001183   -0.568
0.0001184   -0.568
0.0001185   -0.568
0.0001186   -0.4544
0.0001187   -0.4544
0.0001188   -0.4544
0.0001189   -0.3408
0.000119    -0.3408
0.0001191   -0.3408
0.0001192   -0.3408
0.0001193   -0.2272
0.0001194   -0.2272
0.0001195   -0.1136
0.0001196   0
0.0001197   -0.1136
0.0001198   0
0.0001199   0
0.00012 0.1136
0.0001201   0.1136
0.0001202   0.1136
0.0001203   0.2272
0.0001204   0.2272
0.0001205   0.2272
0.0001206   0.2272
0.0001207   0.3408
0.0001208   0.3408
0.0001209   0.3408
0.000121    0.4544
0.0001211   0.4544
0.0001212   0.4544
0.0001213   0.4544
0.0001214   0.568
0.0001215   0.568
0.0001216   0.568
0.0001217   0.6816
0.0001218   0.568
0.0001219   0.6816
0.000122    0.6816
0.0001221   0.6816
0.0001222   0.7952
0.0001223   0.7952
0.0001224   0.7952
0.0001225   0.7952
0.0001226   0.9088
0.0001227   0.9088
0.0001228   0.9088
0.0001229   0.9088
0.000123    0.9088
0.0001231   1.0224
0.0001232   1.0224
0.0001233   1.0224
0.0001234   1.0224
0.0001235   1.0224
0.0001236   1.0224
0.0001237   1.0224
0.0001238   1.136
0.0001239   1.136
0.000124    1.136
0.0001241   1.136
0.0001242   1.136
0.0001243   1.136
0.0001244   1.136
0.0001245   1.136
0.0001246   1.136
0.0001247   1.136
0.0001248   1.136
0.0001249   1.136
0.000125    1.136
0.0001251   1.136
0.0001252   1.136
0.0001253   1.136
0.0001254   1.136
0.0001255   1.136
0.0001256   1.136
0.0001257   1.136
0.0001258   1.136
0.0001259   1.136
0.000126    1.0224
0.0001261   1.0224
0.0001262   1.0224
0.0001263   1.0224
0.0001264   1.0224
0.0001265   0.9088
0.0001266   0.9088
0.0001267   0.9088
0.0001268   1.0224
0.0001269   0.9088
0.000127    0.9088
0.0001271   0.9088
0.0001272   0.9088
0.0001273   0.7952
0.0001274   0.7952
0.0001275   0.7952
0.0001276   0.7952
0.0001277   0.7952
0.0001278   0.6816
0.0001279   0.6816
0.000128    0.6816
0.0001281   0.6816
0.0001282   0.568
0.0001283   0.568
0.0001284   0.568
0.0001285   0.568
0.0001286   0.568
0.0001287   0.4544
0.0001288   0.4544
0.0001289   0.4544
0.000129    0.4544
0.0001291   0.3408
0.0001292   0.3408
0.0001293   0.3408
0.0001294   0.3408
0.0001295   0.3408
0.0001296   0.2272
0.0001297   0.2272
0.0001298   0.2272
0.0001299   0.1136
0.00013 0.1136
0.0001301   0.1136
0.0001302   0.1136
0.0001303   0
0.0001304   0
0.0001305   0
0.0001306   -0.1136
0.0001307   0
0.0001308   -0.1136
0.0001309   -0.1136
0.000131    -0.2272
0.0001311   -0.2272
0.0001312   -0.2272
0.0001313   -0.2272
0.0001314   -0.3408
0.0001315   -0.3408
0.0001316   -0.3408
0.0001317   -0.4544
0.0001318   -0.4544
0.0001319   -0.4544
0.000132    -0.4544
0.0001321   -0.568
0.0001322   -0.568
0.0001323   -0.568
0.0001324   -0.568
0.0001325   -0.568
0.0001326   -0.568
0.0001327   -0.6816
0.0001328   -0.6816
0.0001329   -0.6816
0.000133    -0.6816
0.0001331   -0.7952
0.0001332   -0.6816
0.0001333   -0.7952
0.0001334   -0.7952
0.0001335   -0.7952
0.0001336   -0.7952
0.0001337   -0.7952
0.0001338   -0.7952
0.0001339   -0.7952
0.000134    -0.9088
0.0001341   -0.9088
0.0001342   -0.9088
0.0001343   -0.9088
0.0001344   -0.9088
0.0001345   -0.9088
0.0001346   -0.9088
0.0001347   -0.9088
0.0001348   -0.9088
0.0001349   -0.9088
0.000135    -0.9088
0.0001351   -0.9088
0.0001352   -0.9088
0.0001353   -0.9088
0.0001354   -0.9088
0.0001355   -0.9088
0.0001356   -1.0224
0.0001357   -0.9088
0.0001358   -0.9088
0.0001359   -0.9088
0.000136    -0.9088
0.0001361   -0.9088
0.0001362   -0.9088
0.0001363   -0.7952
0.0001364   -0.9088
0.0001365   -0.9088
0.0001366   -0.9088
0.0001367   -0.7952
0.0001368   -0.7952
0.0001369   -0.9088
0.000137    -0.7952
0.0001371   -0.7952
0.0001372   -0.7952
0.0001373   -0.7952
0.0001374   -0.7952
0.0001375   -0.6816
0.0001376   -0.6816
0.0001377   -0.6816
0.0001378   -0.6816
0.0001379   -0.568
0.000138    -0.568
0.0001381   -0.568
0.0001382   -0.568
0.0001383   -0.568
0.0001384   -0.568
0.0001385   -0.568
0.0001386   -0.4544
0.0001387   -0.4544
0.0001388   -0.4544
0.0001389   -0.4544
0.000139    -0.3408
0.0001391   -0.3408
0.0001392   -0.3408
0.0001393   -0.2272
0.0001394   -0.2272
0.0001395   -0.2272
0.0001396   -0.2272
0.0001397   -0.2272
0.0001398   -0.2272
0.0001399   -0.1136
0.00014 -0.1136
0.0001401   -0.1136
0.0001402   -0.1136
0.0001403   -0.1136
0.0001404   0
0.0001405   0
0.0001406   0.1136
0.0001407   0.1136
0.0001408   0.1136
0.0001409   0.1136
0.000141    0.1136
0.0001411   0.2272
0.0001412   0.2272
0.0001413   0.2272
0.0001414   0.3408
0.0001415   0.3408
0.0001416   0.2272
0.0001417   0.3408
0.0001418   0.3408
0.0001419   0.3408
0.000142    0.3408
0.0001421   0.3408
0.0001422   0.4544
0.0001423   0.4544
0.0001424   0.4544
0.0001425   0.4544
0.0001426   0.4544
0.0001427   0.568
0.0001428   0.568
0.0001429   0.568
0.000143    0.568
0.0001431   0.568
0.0001432   0.568
0.0001433   0.568
0.0001434   0.6816
0.0001435   0.6816
0.0001436   0.6816
0.0001437   0.6816
0.0001438   0.6816
0.0001439   0.6816
0.000144    0.6816
0.0001441   0.6816
0.0001442   0.6816
0.0001443   0.6816
0.0001444   0.6816
0.0001445   0.6816
0.0001446   0.7952
0.0001447   0.7952
0.0001448   0.7952
0.0001449   0.7952
0.000145    0.7952
0.0001451   0.7952
0.0001452   0.7952
0.0001453   0.7952
0.0001454   0.7952
0.0001455   0.7952
0.0001456   0.7952
0.0001457   0.7952
0.0001458   0.7952
0.0001459   0.7952
0.000146    0.7952
0.0001461   0.7952
0.0001462   0.6816
0.0001463   0.7952
0.0001464   0.7952
0.0001465   0.7952
0.0001466   0.7952
0.0001467   0.6816
0.0001468   0.6816
0.0001469   0.6816
0.000147    0.6816
0.0001471   0.6816
0.0001472   0.6816
0.0001473   0.6816
0.0001474   0.6816
0.0001475   0.6816
0.0001476   0.568
0.0001477   0.6816
0.0001478   0.6816
0.0001479   0.568
0.000148    0.568
0.0001481   0.568
0.0001482   0.568
0.0001483   0.568
0.0001484   0.568
0.0001485   0.568
0.0001486   0.4544
0.0001487   0.4544
0.0001488   0.4544
0.0001489   0.4544
0.000149    0.4544
0.0001491   0.4544
0.0001492   0.3408
0.0001493   0.3408
0.0001494   0.3408
0.0001495   0.3408
0.0001496   0.3408
0.0001497   0.3408
0.0001498   0.3408
0.0001499   0.2272
0.00015 0.3408
0.0001501   0.2272
0.0001502   0.2272
0.0001503   0.2272
0.0001504   0.1136
0.0001505   0.2272
0.0001506   0.1136
0.0001507   0.1136
0.0001508   0.1136
0.0001509   0.1136
0.000151    0
0.0001511   0
0.0001512   0
0.0001513   0
0.0001514   0
0.0001515   -0.1136
0.0001516   -0.1136
0.0001517   -0.1136
0.0001518   -0.1136
0.0001519   -0.2272
0.000152    -0.2272
0.0001521   -0.2272
0.0001522   -0.2272
0.0001523   -0.2272
0.0001524   -0.2272
0.0001525   -0.2272
0.0001526   -0.2272
0.0001527   -0.3408
0.0001528   -0.3408
0.0001529   -0.3408
0.000153    -0.3408
0.0001531   -0.3408
0.0001532   -0.4544
0.0001533   -0.4544
0.0001534   -0.4544
0.0001535   -0.4544
0.0001536   -0.4544
0.0001537   -0.4544
0.0001538   -0.4544
0.0001539   -0.4544
0.000154    -0.4544
0.0001541   -0.568
0.0001542   -0.568
0.0001543   -0.568
0.0001544   -0.568
0.0001545   -0.568
0.0001546   -0.568
0.0001547   -0.568
0.0001548   -0.568
0.0001549   -0.568
0.000155    -0.568
0.0001551   -0.568
0.0001552   -0.568
0.0001553   -0.6816
0.0001554   -0.6816
0.0001555   -0.6816
0.0001556   -0.6816
0.0001557   -0.568
0.0001558   -0.568
0.0001559   -0.6816
0.000156    -0.568
0.0001561   -0.568
0.0001562   -0.568
0.0001563   -0.6816
0.0001564   -0.6816
0.0001565   -0.568
0.0001566   -0.6816
0.0001567   -0.6816
0.0001568   -0.568
0.0001569   -0.568
0.000157    -0.568
0.0001571   -0.568
0.0001572   -0.568
0.0001573   -0.568
0.0001574   -0.568
0.0001575   -0.568
0.0001576   -0.568
0.0001577   -0.568
0.0001578   -0.4544
0.0001579   -0.4544
0.000158    -0.568
0.0001581   -0.4544
0.0001582   -0.4544
0.0001583   -0.4544
0.0001584   -0.4544
0.0001585   -0.4544
0.0001586   -0.3408
0.0001587   -0.4544
0.0001588   -0.4544
0.0001589   -0.3408
0.000159    -0.3408
0.0001591   -0.3408
0.0001592   -0.3408
0.0001593   -0.3408
0.0001594   -0.2272
0.0001595   -0.3408
0.0001596   -0.2272
0.0001597   -0.2272
0.0001598   -0.2272
0.0001599   -0.1136
0.00016 -0.2272
0.0001601   -0.2272
0.0001602   -0.2272
0.0001603   -0.1136
0.0001604   -0.1136
0.0001605   -0.1136
0.0001606   -0.1136
0.0001607   -0.1136
0.0001608   0
0.0001609   -0.1136
0.000161    0
0.0001611   0
0.0001612   0
0.0001613   0.1136
0.0001614   0
0.0001615   0.1136
0.0001616   0.1136
0.0001617   0.1136
0.0001618   0.1136
0.0001619   0.1136
0.000162    0.2272
0.0001621   0.2272
0.0001622   0.2272
0.0001623   0.2272
0.0001624   0.2272
0.0001625   0.2272
0.0001626   0.2272
0.0001627   0.3408
0.0001628   0.3408
0.0001629   0.3408
0.000163    0.3408
0.0001631   0.3408
0.0001632   0.3408
0.0001633   0.3408
0.0001634   0.3408
0.0001635   0.4544
0.0001636   0.3408
0.0001637   0.4544
0.0001638   0.4544
0.0001639   0.4544
0.000164    0.4544
0.0001641   0.4544
0.0001642   0.4544
0.0001643   0.4544
0.0001644   0.4544
0.0001645   0.4544
0.0001646   0.568
0.0001647   0.4544
0.0001648   0.4544
0.0001649   0.568
0.000165    0.568
0.0001651   0.4544
0.0001652   0.4544
0.0001653   0.4544
0.0001654   0.568
0.0001655   0.568
0.0001656   0.568
0.0001657   0.568
0.0001658   0.568
0.0001659   0.568
0.000166    0.568
0.0001661   0.568
0.0001662   0.568
0.0001663   0.568
0.0001664   0.568
0.0001665   0.568
0.0001666   0.568
0.0001667   0.568
0.0001668   0.568
0.0001669   0.568
0.000167    0.568
0.0001671   0.568
0.0001672   0.4544
0.0001673   0.4544
0.0001674   0.568
0.0001675   0.4544
0.0001676   0.4544
0.0001677   0.4544
0.0001678   0.4544
0.0001679   0.4544
0.000168    0.4544
0.0001681   0.4544
0.0001682   0.4544
0.0001683   0.4544
0.0001684   0.4544
0.0001685   0.4544
0.0001686   0.4544
0.0001687   0.4544
0.0001688   0.4544
0.0001689   0.3408
0.000169    0.3408
0.0001691   0.3408
0.0001692   0.3408
0.0001693   0.3408
0.0001694   0.3408
0.0001695   0.3408
0.0001696   0.3408
0.0001697   0.3408
0.0001698   0.3408
0.0001699   0.3408
0.00017 0.2272
0.0001701   0.2272
0.0001702   0.2272
0.0001703   0.3408
0.0001704   0.2272
0.0001705   0.2272
0.0001706   0.2272
0.0001707   0.2272
0.0001708   0.2272
0.0001709   0.2272
0.000171    0.1136
0.0001711   0.1136
0.0001712   0.1136
0.0001713   0.1136
0.0001714   0.1136
0.0001715   0.1136
0.0001716   0.1136
0.0001717   0
0.0001718   0
0.0001719   0
0.000172    0
0.0001721   0
0.0001722   0
0.0001723   -0.1136
0.0001724   -0.1136
0.0001725   -0.1136
0.0001726   -0.1136
0.0001727   -0.1136
0.0001728   -0.1136
0.0001729   -0.1136
0.000173    -0.1136
0.0001731   -0.2272
0.0001732   -0.2272
0.0001733   -0.2272
0.0001734   -0.2272
0.0001735   -0.2272
0.0001736   -0.2272
0.0001737   -0.2272
0.0001738   -0.2272
0.0001739   -0.2272
0.000174    -0.3408
0.0001741   -0.2272
0.0001742   -0.2272
0.0001743   -0.3408
0.0001744   -0.3408
0.0001745   -0.3408
0.0001746   -0.3408
0.0001747   -0.3408
0.0001748   -0.3408
0.0001749   -0.3408
0.000175    -0.3408
0.0001751   -0.3408
0.0001752   -0.4544
0.0001753   -0.3408
0.0001754   -0.4544
0.0001755   -0.4544
0.0001756   -0.3408
0.0001757   -0.4544
0.0001758   -0.4544
0.0001759   -0.4544
0.000176    -0.4544
0.0001761   -0.4544
0.0001762   -0.4544
0.0001763   -0.4544
0.0001764   -0.4544
0.0001765   -0.4544
0.0001766   -0.4544
0.0001767   -0.4544
0.0001768   -0.4544
0.0001769   -0.4544
0.000177    -0.4544
0.0001771   -0.4544
0.0001772   -0.4544
0.0001773   -0.3408
0.0001774   -0.4544
0.0001775   -0.3408
0.0001776   -0.3408
0.0001777   -0.3408
0.0001778   -0.4544
0.0001779   -0.4544
0.000178    -0.4544
0.0001781   -0.3408
0.0001782   -0.3408
0.0001783   -0.4544
0.0001784   -0.3408
0.0001785   -0.3408
0.0001786   -0.3408
0.0001787   -0.3408
0.0001788   -0.3408
0.0001789   -0.3408
0.000179    -0.3408
0.0001791   -0.3408
0.0001792   -0.2272
0.0001793   -0.3408
0.0001794   -0.2272
0.0001795   -0.2272
0.0001796   -0.3408
0.0001797   -0.2272
0.0001798   -0.2272
0.0001799   -0.2272
0.00018 -0.2272
0.0001801   -0.2272
0.0001802   -0.1136
0.0001803   -0.1136
0.0001804   -0.1136
0.0001805   -0.1136
0.0001806   -0.1136
0.0001807   -0.1136
0.0001808   -0.1136
0.0001809   -0.1136
0.000181    -0.1136
0.0001811   0
0.0001812   -0.1136
0.0001813   0
0.0001814   0
0.0001815   0
0.0001816   0
0.0001817   0
0.0001818   0
0.0001819   0
0.000182    0.1136
0.0001821   0.1136
0.0001822   0.1136
0.0001823   0.1136
0.0001824   0.1136
0.0001825   0.1136
0.0001826   0.1136
0.0001827   0.1136
0.0001828   0.1136
0.0001829   0.1136
0.000183    0.2272
0.0001831   0.1136
0.0001832   0.2272
0.0001833   0.2272
0.0001834   0.2272
0.0001835   0.2272
0.0001836   0.2272
0.0001837   0.2272
0.0001838   0.2272
0.0001839   0.2272
0.000184    0.2272
0.0001841   0.3408
0.0001842   0.3408
0.0001843   0.2272
0.0001844   0.3408
0.0001845   0.3408
0.0001846   0.3408
0.0001847   0.3408
0.0001848   0.3408
0.0001849   0.3408
0.000185    0.3408
0.0001851   0.3408
0.0001852   0.3408
0.0001853   0.3408
0.0001854   0.3408
0.0001855   0.3408
0.0001856   0.3408
0.0001857   0.3408
0.0001858   0.3408
0.0001859   0.3408
0.000186    0.3408
0.0001861   0.3408
0.0001862   0.4544
0.0001863   0.3408
0.0001864   0.3408
0.0001865   0.3408
0.0001866   0.4544
0.0001867   0.3408
0.0001868   0.3408
0.0001869   0.4544
0.000187    0.4544
0.0001871   0.4544
0.0001872   0.4544
0.0001873   0.3408
0.0001874   0.4544
0.0001875   0.3408
0.0001876   0.3408
0.0001877   0.3408
0.0001878   0.3408
0.0001879   0.3408
0.000188    0.4544
0.0001881   0.3408
0.0001882   0.3408
0.0001883   0.3408
0.0001884   0.3408
0.0001885   0.3408
0.0001886   0.3408
0.0001887   0.3408
0.0001888   0.3408
0.0001889   0.3408
0.000189    0.3408
0.0001891   0.3408
0.0001892   0.3408
0.0001893   0.3408
0.0001894   0.3408
0.0001895   0.3408
0.0001896   0.3408
0.0001897   0.3408
0.0001898   0.2272
0.0001899   0.2272
0.00019 0.2272
0.0001901   0.3408
0.0001902   0.2272
0.0001903   0.2272
0.0001904   0.2272
0.0001905   0.2272
0.0001906   0.2272
0.0001907   0.2272
0.0001908   0.2272
0.0001909   0.2272
0.000191    0.1136
0.0001911   0.1136
0.0001912   0.1136
0.0001913   0.1136
0.0001914   0.1136
0.0001915   0.1136
0.0001916   0.1136
0.0001917   0.1136
0.0001918   0.1136
0.0001919   0.1136
0.000192    0.1136
0.0001921   0.1136
0.0001922   0.1136
0.0001923   0
0.0001924   0
0.0001925   0
0.0001926   0
0.0001927   0
0.0001928   0
0.0001929   0
0.000193    0
0.0001931   0
0.0001932   0
0.0001933   0
0.0001934   -0.1136
0.0001935   0
0.0001936   0
0.0001937   -0.1136
0.0001938   -0.1136
0.0001939   -0.1136
0.000194    -0.1136
0.0001941   -0.1136
0.0001942   -0.1136
0.0001943   -0.1136
0.0001944   -0.1136
0.0001945   -0.1136
0.0001946   -0.2272
0.0001947   -0.2272
0.0001948   -0.1136
0.0001949   -0.2272
0.000195    -0.2272
0.0001951   -0.2272
0.0001952   -0.2272
0.0001953   -0.2272
0.0001954   -0.2272
0.0001955   -0.2272
0.0001956   -0.2272
0.0001957   -0.2272
0.0001958   -0.2272
0.0001959   -0.2272
0.000196    -0.3408
0.0001961   -0.2272
0.0001962   -0.2272
0.0001963   -0.2272
0.0001964   -0.2272
0.0001965   -0.2272
0.0001966   -0.2272
0.0001967   -0.3408
0.0001968   -0.2272
0.0001969   -0.2272
0.000197    -0.2272
0.0001971   -0.2272
0.0001972   -0.3408
0.0001973   -0.3408
0.0001974   -0.2272
0.0001975   -0.3408
0.0001976   -0.2272
0.0001977   -0.2272
0.0001978   -0.3408
0.0001979   -0.2272
0.000198    -0.2272
0.0001981   -0.3408
0.0001982   -0.2272
0.0001983   -0.2272
0.0001984   -0.2272
0.0001985   -0.2272
0.0001986   -0.2272
0.0001987   -0.2272
0.0001988   -0.2272
0.0001989   -0.2272
0.000199    -0.2272
0.0001991   -0.2272
0.0001992   -0.2272
0.0001993   -0.2272
0.0001994   -0.2272
0.0001995   -0.2272
0.0001996   -0.2272
0.0001997   -0.2272
0.0001998   -0.2272
0.0001999   -0.1136
0.0002  -0.1136
0.0002001   -0.1136
0.0002002   -0.2272
0.0002003   -0.1136
0.0002004   -0.1136
0.0002005   -0.1136
0.0002006   -0.1136
0.0002007   -0.1136
0.0002008   -0.1136
0.0002009   -0.1136
0.000201    -0.1136
0.0002011   -0.1136
0.0002012   -0.1136
0.0002013   -0.1136
0.0002014   -0.1136
0.0002015   -0.1136
0.0002016   0
0.0002017   0
0.0002018   0
0.0002019   0
0.000202    0
0.0002021   0
0.0002022   0
0.0002023   0
0.0002024   0
0.0002025   0
0.0002026   0
0.0002027   0
0.0002028   0.1136
0.0002029   0.1136
0.000203    0.1136
0.0002031   0.1136
0.0002032   0.1136
0.0002033   0.1136
0.0002034   0.1136
0.0002035   0.1136
0.0002036   0.1136
0.0002037   0.1136
0.0002038   0.1136
0.0002039   0.2272
0.000204    0.1136
0.0002041   0.1136
0.0002042   0.2272
0.0002043   0.2272
0.0002044   0.2272
0.0002045   0.2272
0.0002046   0.2272
0.0002047   0.2272
0.0002048   0.2272
0.0002049   0.2272
0.000205    0.2272
0.0002051   0.2272
0.0002052   0.2272
0.0002053   0.2272
0.0002054   0.2272
0.0002055   0.2272
0.0002056   0.2272
0.0002057   0.2272
0.0002058   0.2272
0.0002059   0.2272
0.000206    0.2272
0.0002061   0.2272
0.0002062   0.2272
0.0002063   0.2272
0.0002064   0.3408
0.0002065   0.2272
0.0002066   0.2272
0.0002067   0.2272
0.0002068   0.2272
0.0002069   0.3408
0.000207    0.2272
0.0002071   0.3408
0.0002072   0.3408
0.0002073   0.3408
0.0002074   0.2272
0.0002075   0.2272
0.0002076   0.2272
0.0002077   0.3408
0.0002078   0.3408
0.0002079   0.2272
0.000208    0.2272
0.0002081   0.3408
0.0002082   0.3408
0.0002083   0.3408
0.0002084   0.3408
0.0002085   0.3408
0.0002086   0.3408
0.0002087   0.3408
0.0002088   0.2272
0.0002089   0.3408
0.000209    0.2272
0.0002091   0.3408
0.0002092   0.2272
0.0002093   0.2272
0.0002094   0.2272
0.0002095   0.2272
0.0002096   0.2272
0.0002097   0.2272
0.0002098   0.2272
0.0002099   0.2272
0.00021 0.2272
0.0002101   0.2272
0.0002102   0.2272
0.0002103   0.2272
0.0002104   0.2272
0.0002105   0.2272
0.0002106   0.2272
0.0002107   0.2272
0.0002108   0.2272
0.0002109   0.2272
0.000211    0.2272
0.0002111   0.1136
0.0002112   0.2272
0.0002113   0.1136
0.0002114   0.1136
0.0002115   0.2272
0.0002116   0.1136
0.0002117   0.1136
0.0002118   0.1136
0.0002119   0.1136
0.000212    0.1136
0.0002121   0.1136
0.0002122   0.1136
0.0002123   0.1136
0.0002124   0.1136
0.0002125   0.1136
0.0002126   0.1136
0.0002127   0.1136
0.0002128   0.1136
0.0002129   0.1136
0.000213    0.1136
0.0002131   0
0.0002132   0
0.0002133   0
0.0002134   0
0.0002135   0
0.0002136   0
0.0002137   0
0.0002138   0
0.0002139   0
0.000214    0
0.0002141   0
0.0002142   0
0.0002143   0
0.0002144   -0.1136
0.0002145   -0.1136
0.0002146   -0.1136
0.0002147   -0.1136
0.0002148   -0.1136
0.0002149   -0.1136
0.000215    -0.1136
0.0002151   -0.1136
0.0002152   -0.1136
0.0002153   -0.1136
0.0002154   -0.1136
0.0002155   -0.1136
0.0002156   -0.1136
0.0002157   -0.1136
0.0002158   -0.1136
0.0002159   -0.1136
0.000216    -0.1136
0.0002161   -0.2272
0.0002162   -0.1136
0.0002163   -0.1136
0.0002164   -0.1136
0.0002165   -0.2272
0.0002166   -0.2272
0.0002167   -0.1136
0.0002168   -0.1136
0.0002169   -0.2272
0.000217    -0.2272
0.0002171   -0.1136
0.0002172   -0.2272
0.0002173   -0.2272
0.0002174   -0.2272
0.0002175   -0.2272
0.0002176   -0.2272
0.0002177   -0.1136
0.0002178   -0.2272
0.0002179   -0.1136
0.000218    -0.2272
0.0002181   -0.1136
0.0002182   -0.1136
0.0002183   -0.2272
0.0002184   -0.2272
0.0002185   -0.1136
0.0002186   -0.1136
0.0002187   -0.2272
0.0002188   -0.1136
0.0002189   -0.2272
0.000219    -0.1136
0.0002191   -0.1136
0.0002192   -0.2272
0.0002193   -0.1136
0.0002194   -0.1136
0.0002195   -0.1136
0.0002196   -0.1136
0.0002197   -0.1136
0.0002198   -0.1136
0.0002199   -0.1136
0.00022 -0.1136
0.0002201   -0.1136
0.0002202   -0.1136
0.0002203   -0.1136
0.0002204   -0.1136
0.0002205   -0.1136
0.0002206   -0.1136
0.0002207   -0.1136
0.0002208   -0.1136
0.0002209   -0.1136
0.000221    -0.1136
0.0002211   -0.1136
0.0002212   -0.1136
0.0002213   -0.1136
0.0002214   0
0.0002215   -0.1136
0.0002216   0
0.0002217   0
0.0002218   0
0.0002219   0
0.000222    0
0.0002221   0
0.0002222   0
0.0002223   0
0.0002224   0
0.0002225   0
0.0002226   0
0.0002227   0
0.0002228   0
0.0002229   0
0.000223    0
0.0002231   0
0.0002232   0.1136
0.0002233   0
0.0002234   0
0.0002235   0
0.0002236   0.1136
0.0002237   0.1136
0.0002238   0.1136
0.0002239   0
0.000224    0.1136
0.0002241   0.1136
0.0002242   0.1136
0.0002243   0
0.0002244   0.1136
0.0002245   0.1136
0.0002246   0.1136
0.0002247   0.1136
0.0002248   0.1136
0.0002249   0.1136
0.000225    0.1136
0.0002251   0.1136
0.0002252   0.1136
0.0002253   0.1136
0.0002254   0.1136
0.0002255   0.1136
0.0002256   0.1136
0.0002257   0.1136
0.0002258   0.2272
0.0002259   0.1136
0.000226    0.1136
0.0002261   0.1136
0.0002262   0.2272
0.0002263   0.2272
0.0002264   0.2272
0.0002265   0.1136
0.0002266   0.2272
0.0002267   0.2272
0.0002268   0.2272
0.0002269   0.2272
0.000227    0.2272
0.0002271   0.2272
0.0002272   0.2272
0.0002273   0.2272
0.0002274   0.2272
0.0002275   0.2272
0.0002276   0.2272
0.0002277   0.2272
0.0002278   0.1136
0.0002279   0.2272
0.000228    0.2272
0.0002281   0.2272
0.0002282   0.2272
0.0002283   0.2272
0.0002284   0.2272
0.0002285   0.2272
0.0002286   0.2272
0.0002287   0.2272
0.0002288   0.2272
0.0002289   0.2272
0.000229    0.2272
0.0002291   0.1136
0.0002292   0.2272
0.0002293   0.2272
0.0002294   0.2272
0.0002295   0.2272
0.0002296   0.2272
0.0002297   0.2272
0.0002298   0.1136
0.0002299   0.2272
0.00023 0.2272
0.0002301   0.2272
0.0002302   0.1136
0.0002303   0.2272
0.0002304   0.2272
0.0002305   0.2272
0.0002306   0.2272
0.0002307   0.1136
0.0002308   0.2272
0.0002309   0.2272
0.000231    0.2272
0.0002311   0.1136
0.0002312   0.1136
0.0002313   0.2272
0.0002314   0.1136
0.0002315   0.2272
0.0002316   0.1136
0.0002317   0.1136
0.0002318   0.1136
0.0002319   0.1136
0.000232    0.1136
0.0002321   0.1136
0.0002322   0.1136
0.0002323   0.1136
0.0002324   0.1136
0.0002325   0.1136
0.0002326   0.1136
0.0002327   0.1136
0.0002328   0.1136

